Attempt 4 (4b): Using CPI inflation rate (d_log_cpi) instead of log CPI level.
Score: 88/100 (up from 86)
68/126 cells within 3pp (up from 55)

Panel A (CPBILL before FUNDS):
IP:   16.1  17.4   5.6   9.8   6.8  38.3   6.0
CU:   17.4   4.3   6.7   6.4  21.6  33.9   9.7
EMP:  20.2  10.4   5.2   9.2  11.3  38.9   4.7
UR:   11.8   1.3   4.7   6.6  20.2  50.6   4.7
HS:    6.3   5.0  28.3  28.5   1.7  29.8   0.3
PI:   19.9   0.5   2.2  28.4   0.9  37.4  10.6
RS:   10.6   0.6  16.6  31.2   4.0  23.9  13.1
CON:  17.3   2.0  12.0  28.5   2.8  25.5  11.8
DGO:  16.7  11.5   7.9   6.3   7.8  46.6   3.2

Panel B (FUNDS before CPBILL):
IP:   16.1  17.4  17.1   1.0   4.1  38.3   6.0
CU:   17.4   4.3  27.5   1.7   5.5  33.9   9.7
EMP:  20.2  10.4  22.0   0.2   3.5  38.9   4.7
UR:   11.8   1.3  26.7   1.0   3.8  50.6   4.7
HS:    6.3   5.0  25.0  24.9   8.7  29.8   0.3
PI:   19.9   0.5  17.1  13.9   0.5  37.4  10.6
RS:   10.6   0.6  32.3  16.9   2.7  23.9  13.1
CON:  17.3   2.0  26.8  15.3   1.3  25.5  11.8
DGO:  16.7  11.5   7.8   7.1   7.1  46.6   3.2