Figure 1 Replication - Attempt 1

Year-by-year proportions (unweighted):
 year   strong     weak  leaners  pure_ind    n
 1952 0.374778 0.397869 0.178212  0.049142 1689
 1954 0.362132 0.410846 0.151654  0.075368 1088
 1956 0.370414 0.385799 0.152071  0.091716 1690
 1958 0.397250 0.405933 0.123010  0.073806 1382
 1960 0.390459 0.392226 0.123675  0.093640 1132
 1962 0.367825 0.411479 0.139854  0.080841 1237
 1964 0.382812 0.387370 0.151042  0.078776 1536
 1966 0.279493 0.433888 0.162312  0.124307 1263
 1968 0.300457 0.404964 0.188112  0.106466 1531
 1970 0.292617 0.393960 0.183221  0.130201 1490
 1972 0.250464 0.385529 0.215584  0.148423 2695
 1974 0.279846 0.338896 0.218870  0.162388 1558
 1976 0.246168 0.385482 0.215509  0.152840 2218
 1978 0.228294 0.368004 0.240194  0.163508 2269
 1980 0.262407 0.369727 0.217122  0.150744 1612
 1982 0.298646 0.380613 0.190306  0.130435 1403
 1984 0.294434 0.346948 0.232944  0.125673 2228
 1986 0.285582 0.364859 0.213259  0.136300 2157
 1988 0.312932 0.315400 0.251728  0.119941 2026
 1990 0.296183 0.340458 0.243257  0.120102 1965
 1992 0.291093 0.314980 0.266397  0.127530 2470
 1994 0.314045 0.333146 0.245506  0.107303 1780
 1996 0.318288 0.345838 0.243845  0.092028 1706

Figure saved to output_figure1/generated_results_attempt_1.jpg
